version https://git-lfs.github.com/spec/v1
oid sha256:acec4e4414c5c3907d3167d05c8df6c508846e937170696fc243491e3e57e19c
size 37294
